0 v 0.792766 0.149552 0.510718
1 v 0.773094 0.149552 0.439637
2 v 0.792766 0.149552 0.523557
3 v 0.782930 0.149552 0.500395
4 v 0.758340 0.149552 0.473508
5 v 0.782930 0.149552 0.552736
6 v 0.773094 0.149552 0.530073
7 v 0.768176 0.149552 0.522380
8 v 0.775012 0.149552 0.592976
9 v 0.758340 0.149552 0.506218
10 v 0.758340 0.149552 0.541058
11 v 0.771094 0.149552 0.607492
12 v 0.753422 0.149552 0.521426
13 v 0.728832 0.149552 0.519557
14 v 0.675651 0.149552 0.568783
15 v 0.620635 0.149552 0.616331
16 v 0.630471 0.149552 0.650202
17 v 0.620635 0.149552 0.684073
18 v 0.630471 0.149552 0.717944
19 v 0.620635 0.149552 0.751815
20 v 0.614799 0.149552 0.762331
21 v 0.615717 0.149552 0.658326
22 v 0.629553 0.149552 0.578460
23 v 0.683652 0.149552 0.530073
24 v 0.727914 0.149552 0.481685
25 v 0.744504 0.149552 0.442976
26 v 0.758340 0.149552 0.414621
27 v 0.733750 0.149552 0.423621
28 v 0.743086 0.149552 0.380072
29 v 0.698413 0.149552 0.370395
30 v 0.614553 0.149552 0.389750
31 v 0.646225 0.149552 0.384911
32 v 0.669815 0.149552 0.403105
33 v 0.674734 0.149552 0.406427
34 v 0.723914 0.149552 0.382572
35 v 0.724332 0.149552 0.467169
36 v 0.707577 0.149552 0.380072
37 v 0.684570 0.149552 0.440620
38 v 0.661315 0.149552 0.501040
39 v 0.630471 0.149552 0.543251
40 v 0.576373 0.149552 0.591638
41 v 0.517356 0.149552 0.635186
42 v 0.449840 0.149552 0.670396
43 v 0.385987 0.149552 0.699428
44 v 0.336561 0.149552 0.704267
45 v 0.413159 0.149552 0.694589
46 v 0.454340 0.149552 0.680073
47 v 0.487848 0.149552 0.662718
48 v 0.514439 0.149552 0.641363
49 v 0.532111 0.149552 0.634201
50 v 0.556701 0.149552 0.615170
51 v 0.581291 0.149552 0.595315
52 v 0.591127 0.149552 0.599992
53 v 0.638389 0.149552 0.544589
54 v 0.620635 0.149552 0.576621
55 v 0.607299 0.149552 0.617170
56 v 0.610799 0.149552 0.705189
57 v 0.596045 0.149552 0.768685
58 v 0.605881 0.149552 0.674150
59 v 0.566537 0.149552 0.653041
60 v 0.500520 0.149552 0.689750
61 v 0.426831 0.149552 0.718783
62 v 0.350143 0.149552 0.735799
63 v 0.372233 0.149552 0.752654
64 v 0.389487 0.149552 0.745976
65 v 0.403323 0.149552 0.728460
66 v 0.410159 0.149552 0.728460
67 v 0.418995 0.149552 0.769847
68 v 0.428831 0.149552 0.780847
69 v 0.438667 0.149552 0.718783
70 v 0.443585 0.149552 0.746492
71 v 0.448503 0.149552 0.770624
72 v 0.463257 0.149552 0.713444
73 v 0.463257 0.149552 0.784525
74 v 0.482930 0.149552 0.707767
75 v 0.473093 0.149552 0.791363
76 v 0.487848 0.149552 0.702782
77 v 0.478012 0.149552 0.779655
78 v 0.497684 0.149552 0.719460
79 v 0.492766 0.149552 0.758815
80 v 0.502602 0.149552 0.740653
81 v 0.512438 0.149552 0.722429
82 v 0.502602 0.149552 0.776863
83 v 0.522274 0.149552 0.693766
84 v 0.517356 0.149552 0.765154
85 v 0.553700 0.149552 0.786525
86 v 0.556700 0.149552 0.778186
87 v 0.555529 0.149552 0.772008
88 v 0.532110 0.149552 0.704444
89 v 0.532110 0.149552 0.730283
90 v 0.537028 0.149552 0.725975
91 v 0.546864 0.149552 0.699089
92 v 0.556700 0.149552 0.692927
93 v 0.556700 0.149552 0.732768
94 v 0.566537 0.149552 0.688604
95 v 0.571455 0.149552 0.712559
96 v 0.571455 0.149552 0.738153
97 v 0.586209 0.149552 0.648541
98 v 0.576373 0.149552 0.728122
99 v 0.572455 0.149552 0.767170
100 v 0.589709 0.149552 0.680073
101 v 0.600963 0.149552 0.704074
102 v 0.587209 0.149552 0.733299
103 v 0.592127 0.149552 0.694589
104 v 0.591127 0.149552 0.765331
105 v 0.577044 0.149552 0.778251
106 v 0.597184 0.149552 0.675199
107 v 0.548603 0.149552 0.663046
108 v 0.448645 0.149552 0.695202
109 v 0.348691 0.149552 0.727358
110 v 0.414918 0.149552 0.690897
111 v 0.512019 0.149552 0.650943
112 v 0.602381 0.149552 0.612331
113 v 0.645225 0.149552 0.559105
114 v 0.664897 0.149552 0.535412
115 v 0.674733 0.149552 0.510218
116 v 0.684569 0.149552 0.485040
117 v 0.694405 0.149552 0.390621
118 v 0.718996 0.149552 0.458265
119 v 0.714078 0.149552 0.425347
120 v 0.699323 0.149552 0.422443
121 v 0.699323 0.149552 0.505879
122 v 0.705742 0.149552 0.428459
123 v 0.699323 0.149552 0.478346
124 v 0.706742 0.149552 0.418782
125 v 0.612701 0.149552 0.399711
126 v 0.571089 0.149552 0.436732
127 v 0.588163 0.149552 0.540335
128 v 0.605236 0.149552 0.643938
129 v 0.622309 0.149552 0.747541
130 v 0.635389 0.149552 0.702328
131 v 0.645225 0.149552 0.607492
132 v 0.640307 0.149552 0.687172
133 v 0.645225 0.149552 0.748153
134 v 0.645225 0.149552 0.643148
135 v 0.679651 0.149552 0.574459
136 v 0.732832 0.149552 0.525234
137 v 0.758340 0.149552 0.593476
138 v 0.748504 0.149552 0.597314
139 v 0.738668 0.149552 0.536911
140 v 0.756922 0.149552 0.622008
141 v 0.740086 0.149552 0.607492
142 v 0.728832 0.149552 0.544588
143 v 0.745086 0.149552 0.631685
144 v 0.733750 0.149552 0.624685
145 v 0.715495 0.149552 0.549427
146 v 0.728832 0.149552 0.636524
147 v 0.732750 0.149552 0.646201
148 v 0.714078 0.149552 0.561136
149 v 0.714078 0.149552 0.630977
150 v 0.724331 0.149552 0.694588
151 v 0.693988 0.149552 0.718782
152 v 0.723914 0.149552 0.655879
153 v 0.704242 0.149552 0.571813
154 v 0.704242 0.149552 0.639655
155 v 0.701241 0.149552 0.699427
156 v 0.669815 0.149552 0.734637
157 v 0.714078 0.149552 0.676072
158 v 0.694405 0.149552 0.602491
159 v 0.694405 0.149552 0.628331
160 v 0.687487 0.149552 0.694588
161 v 0.650143 0.149552 0.744814
162 v 0.650143 0.149552 0.660456
163 v 0.679651 0.149552 0.586637
164 v 0.694405 0.149552 0.658879
165 v 0.664897 0.149552 0.722267
166 v 0.655061 0.149552 0.660764
167 v 0.674733 0.149552 0.608492
168 v 0.659979 0.149552 0.698027
169 v 0.674733 0.149552 0.621523
170 v 0.689487 0.149552 0.671718
171 v 0.674733 0.149552 0.642863
172 v 0.660447 0.149552 0.659420
173 v 0.564867 0.149552 0.615936
174 v 0.469290 0.149552 0.572452
175 v 0.373716 0.149552 0.528968
176 v 0.278143 0.149552 0.485487
177 v 0.237028 0.149552 0.418780
178 v 0.282715 0.149552 0.335120
179 v 0.355773 0.149552 0.268079
180 v 0.443585 0.149552 0.230071
181 v 0.544946 0.149552 0.225233
182 v 0.636102 0.149552 0.254966
183 v 0.668815 0.149552 0.302651
184 v 0.572808 0.149552 0.320674
185 v 0.484996 0.149552 0.358682
186 v 0.503314 0.149552 0.364853
187 v 0.591127 0.149552 0.326845
188 v 0.687421 0.149552 0.315134
189 v 0.599537 0.149552 0.342764
190 v 0.514505 0.149552 0.387715
191 v 0.435103 0.149552 0.446481
192 v 0.366963 0.149552 0.518360
193 v 0.348788 0.149552 0.606158
194 v 0.443585 0.149552 0.607490
195 v 0.457421 0.149552 0.602651
196 v 0.391404 0.149552 0.641361
197 v 0.294044 0.149552 0.655877
198 v 0.267248 0.149552 0.577757
199 v 0.323485 0.149552 0.498233
200 v 0.400035 0.149552 0.432595
201 v 0.405159 0.149552 0.409103
202 v 0.328332 0.149552 0.474110
203 v 0.266536 0.149552 0.551426
204 v 0.229971 0.149552 0.556999
205 v 0.308084 0.149552 0.539061
206 v 0.412945 0.149552 0.544444
207 v 0.517807 0.149552 0.549826
208 v 0.622675 0.149552 0.555208
209 v 0.727542 0.149552 0.560591
210 v 0.786066 0.149552 0.599566
211 v 0.743586 0.149552 0.684571
212 v 0.668315 0.149552 0.752651
213 v 0.580791 0.149552 0.791361
214 v 0.479429 0.149552 0.796200
215 v 0.387987 0.149552 0.767167
216 v 0.354642 0.149552 0.723619
217 v 0.450003 0.149552 0.704264
218 v 0.537385 0.149552 0.665204
219 v 0.590627 0.149552 0.617167
220 v 0.507164 0.149552 0.665905
221 v 0.417495 0.149552 0.699425
222 v 0.329473 0.149552 0.700407
223 v 0.422915 0.149552 0.676213
224 v 0.508020 0.149552 0.631684
225 v 0.588704 0.149552 0.576003
226 v 0.655418 0.149552 0.500688
227 v 0.668315 0.149552 0.413942
228 v 0.572873 0.149552 0.413942
229 v 0.604463 0.149552 0.389748
230 v 0.697906 0.149552 0.365555
231 v 0.763258 0.149552 0.417442
232 v 0.718639 0.149552 0.501389
233 v 0.644869 0.149552 0.573970
234 v 0.661049 0.149552 0.577406
235 v 0.731327 0.149552 0.503422
236 v 0.782930 0.149552 0.434796
237 v 0.735401 0.149552 0.480772
238 v 0.630646 0.149552 0.487945
239 v 0.525891 0.149552 0.495117
240 v 0.421137 0.149552 0.502289
241 v 0.316382 0.149552 0.509461
242 v 0.227192 0.149552 0.500054
243 v 0.244946 0.149552 0.413941
244 v 0.279373 0.149552 0.346199
245 v 0.325553 0.149552 0.305812
246 v 0.281291 0.149552 0.354038
247 v 0.269619 0.149552 0.389747
248 v 0.264782 0.149552 0.409102
249 v 0.237028 0.149552 0.451312
250 v 0.237028 0.149552 0.524732
251 v 0.249864 0.149552 0.433296
252 v 0.241946 0.149552 0.525684
253 v 0.246864 0.149552 0.503908
254 v 0.261619 0.149552 0.422780
255 v 0.251783 0.149552 0.517361
256 v 0.246864 0.149552 0.551441
257 v 0.266537 0.149552 0.467505
258 v 0.271455 0.149552 0.469779
259 v 0.271455 0.149552 0.535748
260 v 0.276373 0.149552 0.446683
261 v 0.286209 0.149552 0.379054
262 v 0.281291 0.149552 0.478618
263 v 0.286209 0.149552 0.512554
264 v 0.291127 0.149552 0.422957
265 v 0.296045 0.149552 0.358876
266 v 0.291127 0.149552 0.458795
267 v 0.296045 0.149552 0.493699
268 v 0.300963 0.149552 0.394135
269 v 0.325553 0.149552 0.315167
270 v 0.335389 0.149552 0.305312
271 v 0.305881 0.149552 0.379054
272 v 0.300963 0.149552 0.478973
273 v 0.310799 0.149552 0.419312
274 v 0.327053 0.149552 0.331683
275 v 0.364897 0.149552 0.271280
276 v 0.330471 0.149552 0.340021
277 v 0.315717 0.149552 0.429230
278 v 0.320635 0.149552 0.455489
279 v 0.325553 0.149552 0.355570
280 v 0.364897 0.149552 0.292151
281 v 0.359979 0.149552 0.314828
282 v 0.326971 0.149552 0.384909
283 v 0.326553 0.149552 0.467167
284 v 0.335389 0.149552 0.381747
285 v 0.369815 0.149552 0.313167
286 v 0.384569 0.149552 0.294602
287 v 0.347643 0.149552 0.360715
288 v 0.335389 0.149552 0.452585
289 v 0.345225 0.149552 0.378425
290 v 0.384569 0.149552 0.315005
291 v 0.394406 0.149552 0.288263
292 v 0.364897 0.149552 0.362215
293 v 0.348225 0.149552 0.442973
294 v 0.369397 0.149552 0.370392
295 v 0.399324 0.149552 0.296828
296 v 0.404242 0.149552 0.301924
297 v 0.374233 0.149552 0.375231
298 v 0.364897 0.149552 0.436634
299 v 0.389487 0.149552 0.368392
300 v 0.409160 0.149552 0.284006
301 v 0.414078 0.149552 0.305085
302 v 0.385488 0.149552 0.380070
303 v 0.379651 0.149552 0.419118
304 v 0.409160 0.149552 0.355376
305 v 0.418996 0.149552 0.260684
306 v 0.423914 0.149552 0.287924
307 v 0.404242 0.149552 0.372054
308 v 0.387406 0.149552 0.409102
309 v 0.423914 0.149552 0.348215
310 v 0.433750 0.149552 0.253763
311 v 0.433750 0.149552 0.339601
312 v 0.405160 0.149552 0.404263
313 v 0.433750 0.149552 0.352393
314 v 0.443586 0.149552 0.257941
315 v 0.443586 0.149552 0.306279
316 v 0.424414 0.149552 0.389747
317 v 0.448504 0.149552 0.309716
318 v 0.458340 0.149552 0.254408
319 v 0.453422 0.149552 0.353956
320 v 0.424832 0.149552 0.418780
321 v 0.369815 0.149552 0.466328
322 v 0.321471 0.149552 0.510716
323 v 0.287127 0.149552 0.559103
324 v 0.285454 0.149552 0.583296
325 v 0.271455 0.149552 0.592974
326 v 0.281291 0.149552 0.596505
327 v 0.291127 0.149552 0.629683
328 v 0.305881 0.149552 0.548587
329 v 0.291127 0.149552 0.637522
330 v 0.305881 0.149552 0.595651
331 v 0.329053 0.149552 0.515554
332 v 0.310799 0.149552 0.597943
333 v 0.310799 0.149552 0.620037
334 v 0.329053 0.149552 0.534909
335 v 0.368897 0.149552 0.472005
336 v 0.335389 0.149552 0.539409
337 v 0.315717 0.149552 0.623168
338 v 0.325553 0.149552 0.584504
339 v 0.340307 0.149552 0.563103
340 v 0.325553 0.149552 0.631845
341 v 0.340307 0.149552 0.604813
342 v 0.345225 0.149552 0.628860
343 v 0.355061 0.149552 0.632699
344 v 0.409815 0.149552 0.622006
345 v 0.369815 0.149552 0.635861
346 v 0.423914 0.149552 0.626506
347 v 0.412314 0.149552 0.584754
348 v 0.345225 0.149552 0.525909
349 v 0.384569 0.149552 0.462328
350 v 0.379651 0.149552 0.482005
351 v 0.355061 0.149552 0.519893
352 v 0.389487 0.149552 0.483023
353 v 0.414078 0.149552 0.453991
354 v 0.427414 0.149552 0.442974
355 v 0.438668 0.149552 0.436797
356 v 0.453422 0.149552 0.419248
357 v 0.468176 0.149552 0.397604
358 v 0.482930 0.149552 0.397426
359 v 0.500684 0.149552 0.370394
360 v 0.522275 0.149552 0.363878
361 v 0.537029 0.149552 0.351717
362 v 0.561619 0.149552 0.351361
363 v 0.591127 0.149552 0.336684
364 v 0.623718 0.149552 0.322007
365 v 0.655062 0.149552 0.319168
366 v 0.638722 0.149552 0.327505
367 v 0.536296 0.149552 0.350599
368 v 0.458340 0.149552 0.365555
369 v 0.463258 0.149552 0.275797
370 v 0.522177 0.149552 0.230071
371 v 0.473095 0.149552 0.235910
372 v 0.463258 0.149552 0.330635
373 v 0.468176 0.149552 0.321539
374 v 0.490512 0.149552 0.239749
375 v 0.503364 0.149552 0.244587
376 v 0.473095 0.149552 0.318813
377 v 0.482931 0.149552 0.279152
378 v 0.541365 0.149552 0.254265
379 v 0.487849 0.149552 0.305103
380 v 0.487849 0.149552 0.332862
381 v 0.518186 0.149552 0.259104
382 v 0.497685 0.149552 0.285281
383 v 0.502603 0.149552 0.298507
384 v 0.521364 0.149552 0.273620
385 v 0.514939 0.149552 0.336523
386 v 0.515939 0.149552 0.283297
387 v 0.517357 0.149552 0.316635
388 v 0.527193 0.149552 0.312313
389 v 0.538529 0.149552 0.326845
390 v 0.551784 0.149552 0.236314
391 v 0.547365 0.149552 0.322007
392 v 0.564120 0.149552 0.234910
393 v 0.566120 0.149552 0.317168
394 v 0.591128 0.149552 0.241249
395 v 0.582710 0.149552 0.307491
396 v 0.586210 0.149552 0.279103
397 v 0.596046 0.149552 0.261942
398 v 0.614382 0.149552 0.302652
399 v 0.614882 0.149552 0.249426
400 v 0.615718 0.149552 0.263797
401 v 0.674734 0.149552 0.288136
402 v 0.625554 0.149552 0.292475
403 v 0.650891 0.149552 0.292975
404 v 0.635890 0.149552 0.283297
405 v 0.574562 0.149552 0.331431
406 v 0.487782 0.149552 0.390542
407 v 0.401002 0.149552 0.449653
408 v 0.314222 0.149552 0.508764
409 v 0.256702 0.149552 0.560102
